# GIMP colorrc
# 
# This file holds a list of recently used colors.

(color-history
    (color-rgba 0.80784320831298828 0.7450980544090271 0.62352943420410156 1)
    (color-rgba 0 0 0 1)
    (color-rgba 0 1 0.2071428571428573 1)
    (color-rgba 0.50357142857142856 0.48667305848513903 0.48667305848513903 1)
    (color-rgba 0.78039222955703735 0.82745105028152466 0.89411771297454834 1)
    (color-rgba 1 0.98039215686274506 0.98039215686274506 1)
    (color-rgba 1 0 0 1)
    (color-rgba 0.17647059261798859 0.17647059261798859 0.17647059261798859 1)
    (color-rgba 0.12549020349979401 0.12549020349979401 0.16470588743686676 1)
    (color-rgba 0.0039215688593685627 0.0039215688593685627 0.0039215688593685627 1)
    (color-rgba 0.22857142857142854 0.22857142857142854 0.22857142857142854 1)
    (color-rgba 1 1 1 1)
    (color-rgba 0.26666668057441711 0.26666668057441711 0.26666668057441711 1)
    (color-rgba 0.44705885648727417 0.44705885648727417 0.44705885648727417 1)
    (color-rgba 0.95294123888015747 0.95294123888015747 0.95294123888015747 1)
    (color-rgba 0.20784315466880798 0.18039216101169586 0.24313727021217346 1)
    (color-rgba 0.93725496530532837 0.92156869173049927 0.89411771297454834 1)
    (color-rgba 0.50196081399917603 0.49803924560546875 0.55294120311737061 1)
    (color-rgba 0.10588236153125763 0.10196079313755035 0.15294118225574493 1)
    (color-rgba 0.22745099663734436 0.23529413342475891 0.25490197539329529 1)
    (color-rgba 0.9960784912109375 0.9960784912109375 0.9960784912109375 1)
    (color-rgba 1 0.78431379795074463 0.61176472902297974 1)
    (color-rgba 0.61568629741668701 0.29803922772407532 0.18039216101169586 1)
    (color-rgba 0.73725491762161255 0.37647062540054321 0.24705883860588074 1)
    (color-rgba 0.96078437566757202 0.43529415130615234 0.25490197539329529 1)
    (color-rgba 0.97647064924240112 0.68627452850341797 0.40000003576278687 1)
    (color-rgba 1 0.60784316062927246 0.41960787773132324 1)
    (color-rgba 0.94999999999999996 0.90536912751677845 0.91838647533479767 1)
    (color-rgba 0.63928571428571423 0.29935486483296164 0.13300575263662512 1)
    (color-rgba 0.98823535442352295 0.61960786581039429 0.43921571969985962 1)
    (color-rgba 0.89411771297454834 0.70588237047195435 0.76078438758850098 1)
    (color-rgba 0.062745101749897003 0.0078431377187371254 0.0078431377187371254 1)
    (color-rgba 0.92142857142857149 0.87888206453259454 0.8472195589645255 1)
    (color-rgba 0.87058830261230469 0.70196080207824707 0.57647061347961426 1)
    (color-rgba 0.21785714285714286 0.17399328859060403 0.1986592771009206 1)
    (color-rgba 0.25714285714285712 0.19501438159156279 0.22995112597338821 1)
    (color-rgba 0.40000000000000002 0.29411764705882354 0.32549019607843138 1)
    (color-rgba 0.50196078431372548 0.61960784313725492 0.89803921568627454 1)
    (color-rgba 0.31246164908916596 0.13662511984659634 0.40714285714285714 1)
    (color-rgba 0.030076359402821606 0.0039549376797698883 0.1964285714285714 1)
    (color-rgba 0 0 0 0)
    (color-rgba 0.29656566791160033 0.5956340884280853 0.7489539748953975 1)
    (color-rgba 0.87447698744769875 0.87447698744769875 0.87447698744769875 1)
    (color-rgba 0.98431378602981567 0.98431378602981567 0.97647064924240112 1)
    (color-rgba 0.10588236153125763 0.10588236153125763 0.10588236153125763 1)
    (color-rgba 0.55230125523012552 0.22610990985931312 0.43902141562436225 1)
    (color-rgba 0.10460251046025104 0.10460251046025104 0.10460251046025104 1)
    (color-rgba 1 0.99215692281723022 0.94509810209274292 1)
    (color-rgba 0.0039215688593685627 0.0039215688593685627 0 1)
    (color-rgba 0.10588235294117647 0.10588235294117647 0.10588235294117647 6.9529264617603435e-310)
    (color-rgba 0.85774058577405854 0.17845609502681758 0.26372193068546734 1)
    (color-rgba 1 1 1 6.9528150937021738e-310)
    (color-rgba 0.20000001788139343 0.23529413342475891 0.27058824896812439 1)
    (color-rgba 0.21176472306251526 0.24705883860588074 0.27450981736183167 1)
    (color-rgba 0.19215688109397888 0.22745099663734436 0.25490197539329529 1)
    (color-rgba 0.24313727021217346 0.28627452254295349 0.30980393290519714 1)
    (color-rgba 0.58389261744966436 0.86942236949257246 1 1)
    (color-rgba 0.7651006711409396 0.92628682148774255 1 1)
    (color-rgba 0.19656847603268651 0.63590430722301605 0.83682008368200833 1)
    (color-rgba 0.46965825166381181 0.78763719404551435 0.93305439330543938 1)
    (color-rgba 1 0.2852348710375936 0.046979865771812124 1)
    (color-rgba 0.45606694560669458 0.2632332629860395 0.19895537895594062 1)
    (color-rgba 0.58158995815899583 0.58158995815899583 0.58158995815899583 1)
    (color-rgba 0.5104602510460251 0.5104602510460251 0.5104602510460251 1)
    (color-rgba 1 0.77824267782426748 0 1)
    (color-rgba 0.050770829238156782 0.14811699031926712 0.94560669456066948 1)
    (color-rgba 0.17592878604925444 0.7489539748953975 0.25265182388639484 1)
    (color-rgba 0.9874476987447699 0.053017326107101775 0.053017326107101775 1)
    (color-rgba 0.24267782426778239 0.24267782426778239 0.24267782426778239 1)
    (color-rgba 0.38912133891213385 0.38912133891213385 0.38912133891213385 1)
    (color-rgba 0.82352948188781738 0.74117648601531982 0.72156864404678345 1)
    (color-rgba 0.69019609689712524 0.61568629741668701 0.59215688705444336 1)
    (color-rgba 0.91372555494308472 0.91372555494308472 0.91372555494308472 1)
    (color-rgba 0.99215692281723022 0.99215692281723022 0.99215692281723022 1)
    (color-rgba 0.48627454042434692 0.47843140363693237 0.98431378602981567 1)
    (color-rgba 0.094117656350135803 0.039215687662363052 0.035294119268655777 1)
    (color-rgba 0.094117647058823528 0.039215686274509803 0.035294117647058823 6.9089585397443361e-310)
    (color-rgba 0.25503355704697989 0.59832635983263605 1 1)
    (color-rgba 0.29035972031113977 0.39054972083869038 0.92050209205020916 1)
    (color-rgba 0.89411764705882357 0.89411764705882357 0.89411764705882357 6.9149935762277757e-310)
    (color-rgba 0.89539748953974896 0.89539748953974896 0.89539748953974896 1)
    (color-rgba 0.27450981736183167 0.29019609093666077 0.30196079611778259 1)
    (color-rgba 0.42352944612503052 0.63921570777893066 0.96078437566757202 1)
    (color-rgba 0.69456066945606687 0.69456066945606687 0.69456066945606687 1)
    (color-rgba 0.77405857740585771 0.77405857740585771 0.77405857740585771 1)
    (color-rgba 0.38075313807531386 0.38075313807531386 0.38075313807531386 1)
    (color-rgba 0.5271966527196652 0.5271966527196652 0.5271966527196652 1)
    (color-rgba 0.95973154362416113 0.98938530229423494 1 1)
    (color-rgba 0.62343096234309625 0.21338912133891211 0.33691637051172091 1)
    (color-rgba 0.5215686559677124 0.4901961088180542 0.64313727617263794 1)
    (color-rgba 0.90588241815567017 0.0039215688593685627 0.015686275437474251 1)
    (color-rgba 0.76862752437591553 0.76862752437591553 0.81568634510040283 1)
    (color-rgba 1 0.98431378602981567 1 1)
    (color-rgba 0.98431378602981567 0.60000002384185791 0.25882354378700256 1)
    (color-rgba 0.98431378602981567 0.56862747669219971 0.3333333432674408 1)
    (color-rgba 0.96862751245498657 0.95686280727386475 0.55686277151107788 1)
    (color-rgba 1 0 0.7137255072593689 1)
    (color-rgba 0.60784316062927246 0.60000002384185791 0.60392159223556519 1)
    (color-rgba 0.011764707043766975 0 0 1)
    (color-rgba 0.9960784912109375 0.9490196704864502 0 1)
    (color-rgba 0.81568634510040283 0.81568634510040283 0.81568634510040283 1)
    (color-rgba 0.0078431377187371254 0.0039215688593685627 0 1)
    (color-rgba 0.14901961386203766 0.14509804546833038 0.13333334028720856 1)
    (color-rgba 0.53333336114883423 0.53333336114883423 0.53333336114883423 1)
    (color-rgba 0.54901963472366333 0.30588236451148987 0 1)
    (color-rgba 0 0.9960784912109375 0.9960784912109375 1)
    (color-rgba 0.50925275897896716 0.68118026621692873 0.81589958158995812 1)
    (color-rgba 0.87919463087248317 0.94692651147117468 1 1)
    (color-rgba 0.36890286709162889 0.51630079042146371 0.63179916317991625 1)
    (color-rgba 0.73123473084159385 0.83031346738449607 0.90794979079497906 1)
    (color-rgba 0.81568634510040283 0.7882353663444519 0.7568628191947937 1)
    (color-rgba 0 0.64993026499302642 0.97489539748953979 1)
    (color-rgba 0.9960784912109375 0.0039215688593685627 0 1)
    (color-rgba 0.81960791349411011 0.0078431377187371254 0.0078431377187371254 1)
    (color-rgba 0.61568629741668701 0.61568629741668701 0.61568629741668701 1)
    (color-rgba 0.18431372940540314 0.18039216101169586 0.17647059261798859 1)
    (color-rgba 0.70196080207824707 1 1 1)
    (color-rgba 0 0.99215692281723022 0.99215692281723022 1)
    (color-rgba 0.30980393290519714 0.30588236451148987 0.29803922772407532 1)
    (color-rgba 0.14901961386203766 0.14509804546833038 0.13725490868091583 1)
    (color-rgba 0.58431375026702881 0.58431375026702881 0.58431375026702881 1)
    (color-rgba 0.035294119268655777 0.070588238537311554 0.10196079313755035 1)
    (color-rgba 0.42745101451873779 0.42352944612503052 0.42352944612503052 1)
    (color-rgba 0.20392158627510071 0.20392158627510071 0.20784315466880798 1)
    (color-rgba 0 0.98823535442352295 1 1)
    (color-rgba 0.57647061347961426 0.57647061347961426 0.57647061347961426 1)
    (color-rgba 0.96862751245498657 0.96862751245498657 0.96862751245498657 1)
    (color-rgba 1 0.013422818791946289 0.013422818791946289 1)
    (color-rgba 0.15686275064945221 0.17254902422428131 0.18039216101169586 1)
    (color-rgba 0.84518828451882833 0 1 1)
    (color-rgba 0.55686277151107788 0.40392160415649414 0.20392158627510071 1)
    (color-rgba 0.98431378602981567 0 0.24313727021217346 1)
    (color-rgba 0 0.65490198135375977 0.20392158627510071 1)
    (color-rgba 0.031372550874948502 0.035294119268655777 0.043137256056070328 1)
    (color-rgba 1 0.72549021244049072 0 1)
    (color-rgba 0 0.47843140363693237 0.74901962280273438 1)
    (color-rgba 0.87491712224221063 0.74569655443542726 0.98326359832635979 1)
    (color-rgba 0.63137257099151611 0.63137257099151611 0.63137257099151611 1)
    (color-rgba 0.30980393290519714 0.30980393290519714 0.30980393290519714 1)
    (color-rgba 0.82745105028152466 0.67450982332229614 0.60000002384185791 1)
    (color-rgba 0.48235297203063965 0.47843140363693237 0.50196081399917603 1)
    (color-rgba 0.70588237047195435 0.51372551918029785 0.27450981736183167 1)
    (color-rgba 0.32549020648002625 0.70980393886566162 0.98823535442352295 1)
    (color-rgba 0.33725491166114807 0.65490198135375977 0.9490196704864502 1)
    (color-rgba 0.94509810209274292 0.96078437566757202 0.9647059440612793 1))

# end of colorrc
